1 0.142683 0.549000 0.059756 0.150000
1 0.198171 0.578000 0.048780 0.120000
1 0.246951 0.602000 0.041463 0.136000
1 0.281098 0.564000 0.051220 0.160000
1 0.331707 0.537000 0.050000 0.150000
1 0.373171 0.518000 0.057317 0.180000
1 0.393902 0.481000 0.062195 0.182000
1 0.900610 0.468000 0.080488 0.208000
1 0.658537 0.448000 0.084146 0.140000
1 0.478659 0.545000 0.051220 0.118000
1 0.490244 0.499000 0.037805 0.098000
1 0.582927 0.500000 0.037805 0.172000
1 0.670732 0.578000 0.064634 0.108000
1 0.776220 0.545000 0.065854 0.138000
1 0.829268 0.537000 0.069512 0.226000
1 0.324390 0.868000 0.076829 0.100000
1 0.226829 0.730000 0.106098 0.212000
