2 0.248594 0.468542 0.073438 0.118750
2 0.284531 0.585208 0.092188 0.131250
2 0.338437 0.557083 0.043750 0.054167
2 0.330625 0.451875 0.034375 0.056250
2 0.386875 0.408125 0.059375 0.085417
2 0.418906 0.480000 0.082812 0.095833
2 0.396250 0.605000 0.043750 0.054167
2 0.388437 0.673750 0.081250 0.100000
2 0.315781 0.766458 0.048438 0.077083
2 0.235312 0.750833 0.068750 0.112500
2 0.489219 0.655000 0.067187 0.037500
2 0.510312 0.591458 0.037500 0.064583
2 0.459531 0.591458 0.045312 0.081250
2 0.493125 0.401875 0.059375 0.077083
2 0.567344 0.469583 0.073438 0.091667
2 0.618906 0.412292 0.067187 0.097917
2 0.682187 0.451875 0.071875 0.106250
2 0.576719 0.701875 0.089063 0.093750
2 0.554062 0.757083 0.081250 0.087500
2 0.636875 0.747708 0.075000 0.118750
