1 0.307187 0.242917 0.043750 0.058333
1 0.360312 0.270000 0.050000 0.070833
1 0.382187 0.280417 0.046875 0.041667
1 0.378281 0.330417 0.064062 0.066667
1 0.432187 0.243958 0.043750 0.068750
1 0.474375 0.298125 0.053125 0.064583
1 0.486094 0.325208 0.048438 0.064583
1 0.525937 0.245000 0.043750 0.058333
1 0.535312 0.284583 0.046875 0.058333
1 0.582969 0.310625 0.048438 0.060417
1 0.607969 0.242917 0.048438 0.058333
1 0.639219 0.303333 0.070312 0.066667
1 0.688437 0.252292 0.043750 0.052083
1 0.753281 0.295000 0.057813 0.070833
1 0.794687 0.232500 0.075000 0.079167
1 0.784531 0.305417 0.060937 0.083333
1 0.850156 0.195000 0.051562 0.058333
1 0.854062 0.345000 0.062500 0.070833
1 0.918906 0.349167 0.051562 0.075000
1 0.933750 0.429375 0.034375 0.085417
1 0.887656 0.479375 0.042188 0.072917
1 0.930625 0.518958 0.053125 0.072917
1 0.834531 0.504375 0.048438 0.052083
1 0.888437 0.621042 0.040625 0.077083
1 0.259531 0.432500 0.045312 0.054167
1 0.315781 0.356458 0.035937 0.052083
1 0.359531 0.396042 0.048438 0.056250
1 0.298594 0.480417 0.045312 0.054167
1 0.388437 0.472083 0.075000 0.050000
1 0.510312 0.439792 0.062500 0.039583
1 0.528281 0.375208 0.057813 0.039583
1 0.610312 0.393958 0.053125 0.043750
1 0.655625 0.393958 0.062500 0.060417
1 0.650937 0.482500 0.156250 0.104167
1 0.622812 0.536667 0.112500 0.075000
1 0.611875 0.673125 0.068750 0.089583
1 0.689219 0.718958 0.070312 0.077083
1 0.522812 0.591875 0.075000 0.077083
1 0.461094 0.537708 0.051562 0.064583
1 0.501719 0.627292 0.054688 0.047917
1 0.498594 0.686667 0.057813 0.045833
1 0.382187 0.653333 0.093750 0.062500
1 0.223594 0.485625 0.073438 0.081250
1 0.222812 0.568958 0.062500 0.089583
1 0.150937 0.580417 0.081250 0.116667
1 0.136875 0.771042 0.065625 0.093750
1 0.191562 0.761667 0.075000 0.112500
1 0.334531 0.772083 0.104688 0.091667
1 0.425937 0.842917 0.056250 0.075000
1 0.565000 0.818958 0.062500 0.102083
1 0.734531 0.788750 0.076563 0.091667
1 0.811094 0.713750 0.085938 0.083333
1 0.816562 0.618958 0.050000 0.072917
1 0.772031 0.581458 0.048438 0.081250
1 0.917344 0.766875 0.048438 0.072917
1 0.971250 0.671042 0.056250 0.085417
