0 0.451587 0.346934 0.053433 0.058290
0 0.372247 0.390112 0.037241 0.045337
0 0.313148 0.471071 0.051813 0.073402
0 0.245142 0.570380 0.058290 0.060449
0 0.106703 0.692357 0.072863 0.066926
0 0.297765 0.804620 0.085816 0.105786
0 0.415965 0.663212 0.082578 0.069085
0 0.534974 0.518566 0.068005 0.069085
0 0.594883 0.423575 0.061528 0.047496
0 0.616742 0.343696 0.072863 0.094991
0 0.705797 0.407383 0.050194 0.066926
0 0.670984 0.495898 0.042098 0.062608
0 0.645887 0.589810 0.069624 0.090674
0 0.549547 0.747409 0.077720 0.077720
0 0.492876 0.860751 0.106865 0.114421
0 0.653983 0.917962 0.092293 0.086356
0 0.740609 0.754965 0.058290 0.075561
0 0.781898 0.609240 0.050194 0.060449
0 0.777040 0.512090 0.050194 0.090674
0 0.780278 0.414940 0.046956 0.069085
