1 0.032969 0.383542 0.045312 0.068750
1 0.072031 0.393958 0.026562 0.052083
1 0.117344 0.403333 0.048438 0.070833
1 0.164219 0.381458 0.032813 0.031250
1 0.146250 0.306458 0.059375 0.068750
1 0.215781 0.312708 0.026562 0.068750
1 0.246250 0.401250 0.059375 0.058333
1 0.255625 0.270000 0.065625 0.062500
1 0.278281 0.168958 0.042188 0.068750
1 0.276719 0.242917 0.057813 0.079167
1 0.377500 0.038750 0.056250 0.066667
1 0.368125 0.125208 0.034375 0.089583
1 0.325156 0.155417 0.045312 0.083333
1 0.373594 0.233542 0.039062 0.056250
1 0.375937 0.307500 0.056250 0.062500
1 0.332187 0.404375 0.056250 0.077083
1 0.399375 0.396042 0.053125 0.068750
1 0.397031 0.328333 0.048438 0.066667
1 0.134531 0.472083 0.045312 0.083333
1 0.058750 0.566875 0.056250 0.110417
1 0.179062 0.525208 0.037500 0.085417
1 0.126719 0.612708 0.051562 0.081250
1 0.172031 0.660625 0.073438 0.097917
1 0.278281 0.786667 0.051562 0.070833
1 0.321250 0.598125 0.081250 0.097917
1 0.275156 0.514792 0.057813 0.064583
1 0.372031 0.641875 0.079687 0.089583
1 0.447812 0.078333 0.075000 0.066667
1 0.504062 0.070000 0.062500 0.075000
1 0.529062 0.067917 0.053125 0.070833
1 0.557187 0.133542 0.053125 0.072917
1 0.522812 0.196042 0.062500 0.068750
1 0.560312 0.236667 0.062500 0.070833
1 0.504062 0.280417 0.059375 0.066667
1 0.513437 0.335625 0.056250 0.068750
1 0.557969 0.374167 0.067187 0.091667
1 0.498594 0.522083 0.073438 0.066667
1 0.579844 0.638750 0.067187 0.083333
1 0.572812 0.774167 0.075000 0.083333
1 0.464219 0.934583 0.089063 0.091667
1 0.488437 0.660625 0.065625 0.089583
1 0.682187 0.560625 0.056250 0.106250
1 0.614219 0.503333 0.048438 0.058333
1 0.604062 0.402292 0.071875 0.081250
1 0.664219 0.328333 0.070312 0.091667
1 0.779062 0.367917 0.100000 0.087500
1 0.775937 0.263750 0.068750 0.062500
1 0.698594 0.134583 0.060937 0.058333
1 0.641562 0.076250 0.078125 0.091667
1 0.629062 0.228333 0.100000 0.079167
1 0.753281 0.118958 0.060937 0.085417
1 0.797812 0.167917 0.093750 0.095833
