1 0.094687 0.076250 0.046875 0.066667
1 0.077500 0.139792 0.043750 0.060417
1 0.116562 0.196042 0.037500 0.052083
1 0.112656 0.264792 0.051562 0.064583
1 0.162656 0.253333 0.039062 0.062500
1 0.159531 0.161667 0.051562 0.075000
1 0.182187 0.137708 0.043750 0.064583
1 0.192344 0.101250 0.048438 0.062500
1 0.243906 0.112708 0.054688 0.056250
1 0.274375 0.072083 0.046875 0.054167
1 0.266562 0.139792 0.043750 0.060417
1 0.279062 0.178333 0.056250 0.066667
1 0.315000 0.202292 0.034375 0.043750
1 0.222812 0.292917 0.059375 0.075000
1 0.176719 0.356458 0.057813 0.060417
1 0.257969 0.339792 0.048438 0.072917
1 0.242344 0.429375 0.076563 0.077083
1 0.362656 0.253333 0.048438 0.083333
1 0.414219 0.289792 0.045312 0.085417
1 0.380625 0.445000 0.046875 0.079167
1 0.331406 0.538750 0.098437 0.100000
1 0.482969 0.535625 0.070312 0.089583
1 0.503281 0.714792 0.057813 0.081250
1 0.597031 0.448125 0.064062 0.081250
1 0.559531 0.525208 0.064062 0.093750
1 0.661875 0.578333 0.075000 0.100000
1 0.672812 0.420000 0.075000 0.079167
1 0.761094 0.478333 0.070312 0.079167
1 0.400937 0.061667 0.056250 0.062500
1 0.368906 0.131458 0.076563 0.097917
1 0.410312 0.109583 0.037500 0.058333
1 0.440000 0.089792 0.034375 0.056250
1 0.485312 0.074167 0.050000 0.062500
1 0.562656 0.063750 0.064062 0.100000
1 0.505625 0.148125 0.075000 0.060417
1 0.560312 0.148125 0.056250 0.064583
1 0.575937 0.159583 0.059375 0.058333
1 0.591562 0.168958 0.056250 0.072917
1 0.645469 0.156458 0.067187 0.085417
1 0.588437 0.216875 0.043750 0.077083
1 0.551719 0.230417 0.057813 0.087500
1 0.629062 0.227292 0.059375 0.064583
1 0.548594 0.312708 0.085938 0.085417
1 0.661094 0.312708 0.089063 0.077083
1 0.697812 0.261667 0.075000 0.108333
1 0.755625 0.352292 0.056250 0.093750
1 0.800156 0.370000 0.067187 0.100000
1 0.866562 0.333542 0.075000 0.122917
1 0.889219 0.430417 0.070312 0.120833
