2 0.279844 0.358125 0.104688 0.135417
2 0.400156 0.346667 0.057813 0.129167
2 0.382969 0.436250 0.076563 0.075000
2 0.330625 0.515417 0.103125 0.150000
2 0.240000 0.687292 0.103125 0.122917
2 0.360312 0.709167 0.087500 0.137500
2 0.497031 0.592500 0.101562 0.129167
2 0.472812 0.485208 0.062500 0.081250
2 0.517344 0.335208 0.064062 0.068750
2 0.488437 0.370625 0.109375 0.118750
2 0.633750 0.458125 0.059375 0.072917
2 0.594687 0.501875 0.103125 0.085417
2 0.724375 0.553958 0.068750 0.093750
2 0.750156 0.637292 0.082812 0.093750
2 0.821250 0.628958 0.068750 0.093750
2 0.571250 0.255000 0.087500 0.087500
2 0.687656 0.307083 0.076563 0.120833
2 0.763437 0.264375 0.056250 0.077083
2 0.829062 0.309167 0.056250 0.079167
