2 0.254844 0.267500 0.085938 0.112500
2 0.363437 0.191458 0.075000 0.068750
2 0.389219 0.225833 0.095312 0.100000
2 0.377500 0.336250 0.115625 0.129167
2 0.421250 0.082083 0.075000 0.083333
2 0.512656 0.114375 0.067187 0.097917
2 0.582187 0.114375 0.078125 0.068750
2 0.622031 0.233125 0.057813 0.068750
2 0.565781 0.219583 0.064062 0.087500
2 0.558750 0.302917 0.121875 0.100000
2 0.672812 0.392500 0.059375 0.095833
2 0.175937 0.269583 0.125000 0.141667
2 0.538437 0.411250 0.193750 0.116667
2 0.705625 0.238333 0.078125 0.095833
2 0.754062 0.211250 0.075000 0.095833
2 0.786094 0.269583 0.070312 0.075000
