2 0.060312 0.756042 0.078125 0.164583
2 0.118125 0.853958 0.109375 0.160417
2 0.232187 0.711250 0.106250 0.195833
2 0.335312 0.547708 0.062500 0.093750
2 0.447031 0.533125 0.064062 0.097917
2 0.406406 0.391458 0.079687 0.089583
2 0.524375 0.392500 0.103125 0.145833
2 0.558750 0.546667 0.118750 0.125000
2 0.744687 0.473750 0.131250 0.133333
2 0.654844 0.190417 0.095312 0.100000
2 0.743906 0.216458 0.123438 0.131250
2 0.321250 0.191458 0.106250 0.147917
2 0.215781 0.263333 0.101562 0.125000
2 0.286094 0.349792 0.135937 0.185417
2 0.673594 0.602917 0.110937 0.158333
2 0.836094 0.718542 0.139063 0.193750
2 0.729062 0.808125 0.137500 0.156250
2 0.591562 0.757083 0.137500 0.150000
2 0.631406 0.896667 0.142187 0.133333
2 0.527500 0.825833 0.096875 0.158333
2 0.429062 0.842500 0.137500 0.162500
