2 0.206406 0.294583 0.148438 0.141667
2 0.276719 0.250833 0.101562 0.104167
2 0.322031 0.159167 0.076563 0.079167
2 0.411094 0.182083 0.110937 0.100000
2 0.399375 0.388333 0.131250 0.141667
2 0.379062 0.278958 0.121875 0.056250
2 0.568125 0.305000 0.162500 0.145833
2 0.559531 0.230000 0.064062 0.112500
2 0.582187 0.168542 0.093750 0.089583
2 0.629062 0.195625 0.090625 0.089583
2 0.726719 0.181042 0.095312 0.072917
2 0.802500 0.194583 0.115625 0.075000
2 0.677500 0.447708 0.115625 0.114583
2 0.585312 0.502917 0.131250 0.175000
2 0.421250 0.057083 0.125000 0.100000
2 0.564219 0.051875 0.107813 0.077083
