0 0.321250 0.234583 0.059375 0.075000
0 0.496250 0.220000 0.071875 0.075000
0 0.631406 0.258542 0.051562 0.064583
0 0.482187 0.333542 0.056250 0.056250
0 0.293906 0.339792 0.042188 0.052083
0 0.272812 0.477292 0.075000 0.077083
0 0.488437 0.448125 0.050000 0.052083
0 0.596250 0.513750 0.040625 0.083333
0 0.712656 0.509583 0.042188 0.058333
0 0.245469 0.629375 0.101562 0.064583
0 0.468906 0.676250 0.079687 0.070833
0 0.604062 0.696042 0.075000 0.077083
0 0.712656 0.653333 0.039062 0.054167
0 0.240781 0.855417 0.089063 0.083333
0 0.440000 0.857500 0.093750 0.079167
0 0.574375 0.847083 0.065625 0.083333
0 0.736094 0.850208 0.082812 0.081250
0 0.687986 0.420337 0.046956 0.053972
