1 0.256406 0.055417 0.045312 0.083333
1 0.222812 0.145000 0.068750 0.087500
1 0.361094 0.034583 0.051562 0.058333
1 0.313437 0.135625 0.046875 0.072917
1 0.356406 0.109583 0.067187 0.058333
1 0.421250 0.079375 0.056250 0.068750
1 0.420469 0.200208 0.042188 0.060417
1 0.367344 0.218958 0.082812 0.077083
1 0.197812 0.210625 0.065625 0.072917
1 0.511875 0.068958 0.040625 0.056250
1 0.534531 0.087708 0.057813 0.052083
1 0.504844 0.158542 0.051562 0.056250
1 0.593906 0.182500 0.095312 0.079167
1 0.588437 0.091875 0.071875 0.068750
1 0.616562 0.050208 0.084375 0.077083
1 0.647031 0.136667 0.060937 0.070833
1 0.649375 0.179375 0.090625 0.068750
1 0.713437 0.149167 0.056250 0.062500
1 0.756406 0.204375 0.070312 0.085417
1 0.846250 0.138750 0.068750 0.083333
1 0.854062 0.191875 0.087500 0.089583
1 0.892344 0.218958 0.067187 0.093750
1 0.796250 0.325208 0.075000 0.081250
1 0.839219 0.346042 0.089063 0.072917
1 0.911875 0.355417 0.053125 0.075000
1 0.959531 0.360625 0.060937 0.081250
1 0.944687 0.242917 0.068750 0.095833
1 0.747812 0.420000 0.106250 0.125000
1 0.663437 0.390833 0.075000 0.062500
1 0.480625 0.299167 0.090625 0.075000
1 0.477500 0.242917 0.059375 0.066667
1 0.399375 0.326250 0.084375 0.075000
1 0.297031 0.323125 0.089063 0.085417
1 0.227500 0.301250 0.059375 0.058333
1 0.241562 0.399167 0.056250 0.075000
1 0.117344 0.334583 0.110937 0.058333
1 0.161094 0.436667 0.048438 0.087500
1 0.213437 0.474167 0.081250 0.070833
1 0.232969 0.603333 0.098437 0.129167
1 0.099375 0.589792 0.081250 0.081250
1 0.052500 0.474167 0.068750 0.095833
1 0.366562 0.562708 0.087500 0.093750
1 0.360312 0.691875 0.087500 0.097917
1 0.467344 0.684583 0.085938 0.075000
1 0.497812 0.481458 0.050000 0.097917
1 0.565781 0.442917 0.079687 0.108333
1 0.587656 0.578333 0.098437 0.129167
1 0.643906 0.687708 0.067187 0.097917
1 0.720469 0.676250 0.057813 0.075000
1 0.816562 0.628333 0.084375 0.079167
1 0.861875 0.554375 0.071875 0.093750
1 0.914219 0.479375 0.060937 0.085417
1 0.932187 0.546042 0.087500 0.097917
1 0.956406 0.638750 0.070312 0.100000
1 0.880625 0.639792 0.059375 0.106250
