2 0.155625 0.238333 0.121875 0.150000
2 0.314219 0.227917 0.092188 0.141667
2 0.302500 0.350833 0.090625 0.129167
2 0.173594 0.426875 0.135937 0.181250
2 0.057187 0.719583 0.093750 0.241667
2 0.207187 0.782083 0.118750 0.216667
2 0.436094 0.585208 0.139063 0.189583
2 0.424375 0.406042 0.078125 0.114583
2 0.421250 0.151875 0.096875 0.089583
2 0.439219 0.239375 0.173437 0.139583
2 0.582187 0.080000 0.087500 0.087500
2 0.735312 0.198750 0.087500 0.133333
2 0.804844 0.138333 0.073438 0.125000
2 0.899375 0.223750 0.087500 0.091667
2 0.672812 0.393542 0.103125 0.072917
2 0.565781 0.426875 0.064062 0.089583
2 0.611875 0.502917 0.078125 0.145833
2 0.809531 0.574792 0.148438 0.156250
2 0.892344 0.712292 0.145313 0.177083
