2 0.244687 0.310208 0.115625 0.131250
2 0.282969 0.247708 0.079687 0.122917
2 0.331406 0.168542 0.060937 0.106250
2 0.440781 0.194583 0.089063 0.108333
2 0.411875 0.397708 0.137500 0.147917
2 0.406406 0.305000 0.089063 0.070833
2 0.525156 0.287292 0.048438 0.056250
2 0.589219 0.331042 0.157812 0.135417
2 0.600937 0.186250 0.050000 0.058333
2 0.637656 0.221667 0.089063 0.104167
2 0.440781 0.065417 0.085938 0.066667
2 0.565781 0.084167 0.079687 0.066667
2 0.547031 0.041458 0.060937 0.068750
2 0.607969 0.044583 0.067187 0.075000
2 0.743125 0.190417 0.100000 0.100000
2 0.830625 0.218542 0.103125 0.127083
2 0.668906 0.446667 0.120313 0.129167
2 0.588437 0.520625 0.168750 0.189583
