2 0.090000 0.248750 0.103125 0.083333
2 0.139219 0.313333 0.114062 0.095833
2 0.245469 0.242500 0.082812 0.125000
2 0.349375 0.182083 0.081250 0.095833
2 0.356406 0.263333 0.092188 0.100000
2 0.404844 0.244583 0.079687 0.125000
2 0.461875 0.278958 0.078125 0.106250
2 0.488437 0.205000 0.068750 0.120833
2 0.529844 0.303958 0.085938 0.110417
2 0.587656 0.211250 0.098437 0.091667
2 0.672812 0.319583 0.112500 0.154167
2 0.807969 0.331042 0.123438 0.114583
2 0.885312 0.438333 0.125000 0.137500
2 0.525156 0.407083 0.079687 0.104167
2 0.465781 0.373750 0.070312 0.116667
2 0.307187 0.366458 0.106250 0.135417
2 0.401719 0.440417 0.170313 0.137500
2 0.492344 0.473750 0.129688 0.150000
2 0.493906 0.601875 0.151562 0.189583
