2 0.351719 0.142917 0.082812 0.108333
2 0.395469 0.098125 0.067187 0.089583
2 0.461094 0.179375 0.098437 0.135417
2 0.396250 0.310625 0.078125 0.089583
2 0.411094 0.421042 0.073438 0.047917
2 0.400156 0.492917 0.095312 0.108333
2 0.496250 0.453333 0.071875 0.079167
2 0.457187 0.586667 0.056250 0.087500
2 0.506406 0.714792 0.164062 0.197917
2 0.579062 0.521042 0.071875 0.114583
2 0.697031 0.573125 0.076563 0.131250
2 0.641562 0.430417 0.087500 0.079167
2 0.683750 0.360625 0.075000 0.077083
2 0.572812 0.343958 0.062500 0.089583
2 0.547812 0.261667 0.084375 0.087500
2 0.632969 0.277292 0.067187 0.068750
2 0.666562 0.191875 0.100000 0.093750
2 0.699375 0.120000 0.093750 0.091667
2 0.737656 0.136667 0.104688 0.112500
2 0.893906 0.410625 0.110937 0.110417
2 0.917344 0.531458 0.164062 0.193750
