1 0.188437 0.150208 0.056250 0.064583
1 0.239219 0.176250 0.035937 0.058333
1 0.260312 0.210625 0.043750 0.060417
1 0.260312 0.250208 0.062500 0.060417
1 0.320469 0.178333 0.042188 0.062500
1 0.355625 0.231458 0.046875 0.060417
1 0.387656 0.245000 0.045312 0.062500
1 0.428281 0.190833 0.051562 0.062500
1 0.459531 0.215833 0.054688 0.062500
1 0.484531 0.256458 0.051562 0.064583
1 0.524375 0.174167 0.078125 0.091667
1 0.532969 0.249167 0.057813 0.075000
1 0.605625 0.234583 0.081250 0.075000
1 0.672031 0.253333 0.060937 0.075000
1 0.748594 0.190833 0.064062 0.058333
1 0.733750 0.260625 0.050000 0.047917
1 0.713437 0.310625 0.062500 0.072917
1 0.811094 0.190833 0.114062 0.125000
1 0.764219 0.364792 0.076563 0.068750
1 0.740781 0.407500 0.048438 0.062500
1 0.871250 0.368958 0.078125 0.085417
1 0.829062 0.490833 0.062500 0.070833
1 0.890000 0.465833 0.059375 0.070833
1 0.900156 0.558542 0.070312 0.089583
1 0.766562 0.535625 0.062500 0.077083
1 0.702500 0.629375 0.062500 0.068750
1 0.757187 0.668958 0.071875 0.081250
1 0.754062 0.762708 0.050000 0.085417
1 0.793125 0.755417 0.046875 0.045833
1 0.826719 0.692917 0.070312 0.066667
1 0.943125 0.733542 0.078125 0.106250
1 0.854844 0.864792 0.089063 0.110417
1 0.715000 0.856458 0.106250 0.085417
1 0.630625 0.859583 0.043750 0.041667
1 0.575937 0.764792 0.056250 0.068750
1 0.448594 0.888750 0.076563 0.083333
1 0.486875 0.737708 0.084375 0.114583
1 0.512656 0.550208 0.064062 0.089583
1 0.591562 0.506458 0.062500 0.097917
1 0.575937 0.303333 0.040625 0.037500
1 0.548594 0.346042 0.060937 0.060417
1 0.500937 0.361667 0.056250 0.054167
1 0.425937 0.308542 0.050000 0.064583
1 0.405625 0.385625 0.071875 0.064583
1 0.417344 0.439792 0.060937 0.072917
1 0.327500 0.509583 0.068750 0.075000
1 0.403281 0.593958 0.060937 0.068750
1 0.353281 0.625208 0.045312 0.043750
1 0.341562 0.698125 0.081250 0.072917
1 0.269687 0.876250 0.056250 0.075000
1 0.198594 0.786667 0.073438 0.070833
1 0.218125 0.639792 0.081250 0.052083
1 0.072812 0.568958 0.075000 0.114583
1 0.060312 0.398125 0.050000 0.068750
1 0.141562 0.282500 0.050000 0.070833
1 0.136094 0.379375 0.070312 0.097917
1 0.141562 0.428333 0.068750 0.062500
1 0.231406 0.339792 0.095312 0.106250
1 0.259531 0.406458 0.057813 0.060417
1 0.213437 0.466875 0.068750 0.106250
