1 0.380625 0.772083 0.078125 0.166667
1 0.482187 0.828333 0.053125 0.070833
1 0.514219 0.751250 0.054688 0.045833
1 0.488437 0.690833 0.050000 0.062500
1 0.534531 0.662708 0.051562 0.064583
1 0.484531 0.612708 0.048438 0.052083
1 0.432969 0.592917 0.064062 0.079167
1 0.372031 0.580417 0.060937 0.079167
1 0.330625 0.295000 0.062500 0.075000
1 0.400937 0.253333 0.046875 0.075000
1 0.415000 0.298125 0.046875 0.060417
1 0.448594 0.305417 0.035937 0.058333
1 0.476719 0.296042 0.042188 0.064583
1 0.510312 0.297083 0.028125 0.033333
1 0.519687 0.314792 0.021875 0.043750
1 0.535312 0.325208 0.040625 0.056250
1 0.558750 0.342917 0.034375 0.066667
1 0.511094 0.387708 0.039062 0.047917
1 0.472812 0.372083 0.062500 0.066667
1 0.414219 0.391875 0.045312 0.056250
1 0.319687 0.461667 0.043750 0.062500
1 0.362656 0.484583 0.045312 0.070833
1 0.411875 0.487708 0.046875 0.060417
1 0.486875 0.459583 0.053125 0.079167
1 0.490781 0.498125 0.035937 0.068750
1 0.536875 0.460625 0.059375 0.085417
1 0.572812 0.564792 0.046875 0.068750
1 0.591562 0.666875 0.050000 0.089583
1 0.627500 0.655417 0.059375 0.079167
1 0.614219 0.350208 0.045312 0.077083
1 0.651719 0.308542 0.045312 0.068750
1 0.667344 0.352292 0.051562 0.072917
1 0.663437 0.384583 0.046875 0.070833
1 0.688437 0.417917 0.050000 0.070833
1 0.589219 0.467917 0.045312 0.070833
1 0.630625 0.472083 0.046875 0.083333
1 0.657187 0.509583 0.043750 0.075000
1 0.716562 0.492917 0.050000 0.091667
1 0.723594 0.515833 0.054688 0.070833
1 0.772031 0.534583 0.042188 0.075000
1 0.804844 0.596042 0.054688 0.056250
1 0.725156 0.603333 0.070312 0.066667
1 0.708750 0.682500 0.071875 0.070833
1 0.821250 0.674167 0.071875 0.066667
1 0.884531 0.655417 0.064062 0.066667
1 0.893125 0.699167 0.106250 0.087500
1 0.781406 0.751250 0.057813 0.075000
1 0.790781 0.777292 0.057813 0.068750
1 0.824375 0.840833 0.071875 0.079167
1 0.707187 0.788750 0.050000 0.066667
1 0.672812 0.793958 0.059375 0.077083
1 0.634531 0.778333 0.067187 0.079167
0 0.475937 0.906458 0.093750 0.089583
