2 0.182187 0.430000 0.112500 0.116667
2 0.229062 0.271667 0.128125 0.129167
2 0.298594 0.392500 0.160938 0.170833
2 0.436875 0.224792 0.096875 0.118750
2 0.406406 0.309167 0.067187 0.079167
2 0.513437 0.272708 0.068750 0.081250
2 0.467344 0.364375 0.085938 0.114583
2 0.443125 0.418542 0.081250 0.093750
2 0.534531 0.521667 0.151562 0.154167
2 0.582187 0.731042 0.121875 0.185417
2 0.475937 0.839375 0.156250 0.197917
2 0.660312 0.433125 0.150000 0.131250
2 0.715781 0.369583 0.067187 0.125000
2 0.691562 0.295625 0.062500 0.097917
2 0.618906 0.331042 0.110937 0.114583
2 0.592344 0.231042 0.085938 0.097917
2 0.555625 0.130000 0.090625 0.079167
2 0.699375 0.195625 0.090625 0.110417
2 0.403281 0.080000 0.085938 0.083333
2 0.452500 0.033125 0.096875 0.064583
