2 0.192344 0.201875 0.082812 0.085417
2 0.306406 0.210208 0.085938 0.085417
2 0.254062 0.283125 0.125000 0.152083
2 0.356406 0.413333 0.148438 0.145833
2 0.254844 0.502917 0.139063 0.175000
2 0.329062 0.615417 0.137500 0.154167
2 0.430625 0.703958 0.228125 0.297917
2 0.508750 0.507083 0.081250 0.100000
2 0.684531 0.495625 0.139063 0.122917
2 0.507187 0.332083 0.109375 0.116667
2 0.441562 0.262292 0.100000 0.102083
2 0.547031 0.232083 0.085938 0.112500
2 0.609531 0.315417 0.145313 0.125000
2 0.551719 0.114375 0.142187 0.131250
2 0.840781 0.270625 0.070312 0.089583
2 0.906406 0.369583 0.145313 0.208333
