1 0.272812 0.072083 0.062500 0.066667
1 0.243125 0.149167 0.062500 0.075000
1 0.181406 0.186667 0.095312 0.079167
1 0.151719 0.314792 0.048438 0.089583
1 0.076719 0.440833 0.082812 0.104167
1 0.187656 0.430417 0.057813 0.079167
1 0.233750 0.457500 0.043750 0.054167
1 0.140000 0.563750 0.078125 0.083333
1 0.273594 0.407500 0.060937 0.062500
1 0.261094 0.298125 0.051562 0.060417
1 0.347812 0.302292 0.062500 0.072917
1 0.369687 0.042917 0.053125 0.054167
1 0.356406 0.100208 0.064062 0.072917
1 0.325937 0.122083 0.056250 0.083333
1 0.425156 0.081458 0.057813 0.097917
1 0.414219 0.176250 0.057813 0.091667
1 0.369687 0.202292 0.043750 0.056250
1 0.422031 0.306458 0.067187 0.131250
1 0.364219 0.554375 0.064062 0.081250
1 0.279062 0.620000 0.068750 0.070833
1 0.369687 0.668958 0.078125 0.077083
1 0.508750 0.045000 0.043750 0.058333
1 0.537656 0.070000 0.054688 0.058333
1 0.526719 0.133542 0.035937 0.056250
1 0.612656 0.056458 0.045312 0.060417
1 0.585312 0.090833 0.053125 0.045833
1 0.585312 0.137708 0.065625 0.081250
1 0.525937 0.285625 0.075000 0.077083
1 0.473594 0.253333 0.082812 0.079167
1 0.505625 0.421042 0.084375 0.068750
1 0.587656 0.438750 0.070312 0.070833
1 0.516562 0.515833 0.075000 0.079167
1 0.490781 0.652292 0.073438 0.093750
1 0.586094 0.562708 0.060937 0.081250
1 0.684531 0.438750 0.064062 0.116667
1 0.757969 0.447083 0.085938 0.116667
1 0.712656 0.655417 0.073438 0.116667
1 0.659531 0.693958 0.073438 0.114583
1 0.830625 0.632500 0.062500 0.095833
1 0.886094 0.674167 0.076563 0.120833
1 0.973594 0.625208 0.039062 0.077083
1 0.900156 0.568958 0.079687 0.106250
1 0.936094 0.551250 0.051562 0.058333
1 0.922031 0.492917 0.060937 0.062500
1 0.965781 0.355417 0.029687 0.050000
1 0.940000 0.357500 0.065625 0.058333
1 0.877500 0.339792 0.050000 0.081250
1 0.811094 0.330417 0.060937 0.079167
1 0.904844 0.236667 0.064062 0.100000
1 0.880625 0.205417 0.053125 0.083333
1 0.864219 0.136667 0.070312 0.070833
1 0.780625 0.206458 0.062500 0.068750
1 0.747812 0.138750 0.050000 0.070833
1 0.699375 0.140833 0.062500 0.054167
1 0.660312 0.142917 0.059375 0.070833
1 0.682969 0.174167 0.079687 0.079167
