2 0.164219 0.199792 0.079687 0.085417
2 0.224375 0.138333 0.090625 0.104167
2 0.239219 0.172708 0.082812 0.114583
2 0.338437 0.207083 0.062500 0.066667
2 0.370469 0.269583 0.070312 0.087500
2 0.451719 0.255000 0.067187 0.100000
2 0.379062 0.381042 0.100000 0.152083
2 0.447812 0.116458 0.050000 0.068750
2 0.526719 0.083125 0.070312 0.081250
2 0.496250 0.146667 0.065625 0.083333
2 0.611094 0.225833 0.123438 0.058333
2 0.646250 0.296667 0.137500 0.170833
2 0.263437 0.395625 0.093750 0.106250
2 0.101719 0.366458 0.082812 0.052083
2 0.225156 0.333125 0.120313 0.068750
2 0.150156 0.486250 0.179688 0.208333
