2 0.213437 0.184167 0.134375 0.116667
2 0.260312 0.291458 0.112500 0.089583
2 0.375937 0.197708 0.118750 0.139583
2 0.485312 0.131042 0.090625 0.085417
2 0.484531 0.239375 0.079687 0.093750
2 0.567344 0.193542 0.076563 0.106250
2 0.629062 0.182083 0.081250 0.083333
2 0.615781 0.271667 0.076563 0.095833
2 0.667344 0.312292 0.073438 0.093750
2 0.734531 0.259167 0.085938 0.083333
2 0.794687 0.364375 0.131250 0.135417
2 0.901719 0.426875 0.082812 0.127083
2 0.932969 0.545625 0.095312 0.110417
2 0.582969 0.386250 0.067187 0.087500
2 0.654062 0.445625 0.100000 0.089583
2 0.500937 0.310208 0.068750 0.072917
2 0.454062 0.380000 0.150000 0.154167
2 0.529844 0.558125 0.126562 0.131250
2 0.632187 0.595625 0.093750 0.127083
2 0.623594 0.726875 0.092188 0.110417
