0 0.360104 0.292602 0.038860 0.043178
0 0.305052 0.359528 0.055052 0.069085
0 0.263763 0.455599 0.046956 0.088515
0 0.211140 0.594847 0.051813 0.094991
0 0.142325 0.778353 0.089054 0.094991
0 0.530116 0.280728 0.051813 0.092832
0 0.602979 0.310953 0.048575 0.071244
0 0.671794 0.306635 0.037241 0.062608
0 0.507448 0.370322 0.068005 0.099309
0 0.598931 0.421056 0.050194 0.075561
0 0.700939 0.445884 0.059909 0.094991
0 0.483970 0.460996 0.072863 0.090674
0 0.600550 0.532239 0.050194 0.077720
0 0.723607 0.548431 0.089054 0.105786
0 0.437014 0.652058 0.053433 0.105786
0 0.584359 0.713587 0.092293 0.129534
0 0.730894 0.688759 0.068005 0.092832
0 0.392487 0.828008 0.100389 0.094991
0 0.566548 0.834485 0.111723 0.099309
0 0.738990 0.854994 0.100389 0.088515
