0 0.293125 0.211250 0.084375 0.100000
0 0.446250 0.207083 0.078125 0.083333
0 0.597031 0.232083 0.060937 0.066667
0 0.450156 0.321667 0.045312 0.070833
0 0.225937 0.456042 0.056250 0.097917
0 0.199375 0.627917 0.056250 0.083333
0 0.211875 0.860208 0.075000 0.097917
0 0.397031 0.845625 0.048438 0.060417
0 0.416562 0.667500 0.071875 0.079167
0 0.529844 0.688333 0.035937 0.075000
0 0.514219 0.825833 0.032813 0.045833
0 0.658750 0.840417 0.062500 0.079167
0 0.542344 0.507083 0.067187 0.079167
0 0.436875 0.456042 0.053125 0.068750
0 0.654062 0.494583 0.050000 0.058333
0 0.643906 0.399792 0.045312 0.052083
