2 0.224375 0.305000 0.140625 0.145833
2 0.292344 0.253958 0.114062 0.085417
2 0.334531 0.171667 0.064062 0.058333
2 0.422812 0.197708 0.112500 0.102083
2 0.441562 0.053958 0.100000 0.110417
2 0.530625 0.065417 0.046875 0.033333
2 0.589219 0.031042 0.107813 0.056250
2 0.575937 0.081042 0.062500 0.072917
2 0.596250 0.160208 0.071875 0.085417
2 0.630625 0.212292 0.068750 0.072917
2 0.728281 0.198750 0.064062 0.066667
2 0.820469 0.198750 0.092188 0.108333
2 0.624375 0.315417 0.115625 0.116667
2 0.514219 0.273750 0.057813 0.066667
2 0.411875 0.381042 0.134375 0.122917
2 0.410312 0.298750 0.093750 0.083333
2 0.576719 0.511250 0.129688 0.141667
2 0.672812 0.448750 0.100000 0.108333
