0 0.165803 0.476828 0.106865 0.082038
0 0.310719 0.367804 0.095531 0.084197
0 0.450777 0.311672 0.090674 0.097150
0 0.549547 0.236831 0.058290 0.071244
0 0.674223 0.222798 0.055052 0.073402
0 0.258905 0.669689 0.092293 0.107945
0 0.381153 0.600604 0.080959 0.086356
0 0.570596 0.484024 0.055052 0.047496
0 0.707416 0.426813 0.069624 0.058290
0 0.805376 0.366364 0.068005 0.062608
0 0.330958 0.789508 0.080959 0.088515
0 0.449158 0.744171 0.058290 0.075561
0 0.594074 0.648100 0.069624 0.073402
0 0.717940 0.549870 0.064767 0.079879
0 0.838569 0.450561 0.050194 0.053972
0 0.379534 0.957902 0.080959 0.066926
0 0.538212 0.878022 0.058290 0.066926
0 0.681509 0.783031 0.069624 0.066926
0 0.896859 0.536917 0.056671 0.062608
0 0.755991 0.689119 0.053433 0.047496
