1 0.253049 0.288000 0.090244 0.112000
1 0.208537 0.420000 0.071951 0.120000
1 0.112195 0.604000 0.079268 0.152000
1 0.182317 0.715000 0.109756 0.242000
1 0.484146 0.515000 0.071951 0.162000
1 0.891463 0.752000 0.106098 0.200000
1 0.796341 0.500000 0.069512 0.220000
1 0.731707 0.380000 0.069512 0.176000
1 0.574390 0.397000 0.050000 0.214000
1 0.373171 0.357000 0.050000 0.154000
1 0.303049 0.418000 0.080488 0.144000
1 0.560976 0.625000 0.071951 0.174000
1 0.629878 0.768000 0.102439 0.188000
1 0.282317 0.575000 0.100000 0.158000
1 0.206098 0.532000 0.098780 0.160000
1 0.440244 0.755000 0.125610 0.274000
1 0.448780 0.368000 0.062195 0.164000
1 0.505488 0.391000 0.058537 0.150000
1 0.784146 0.715000 0.103659 0.230000
1 0.937805 0.638000 0.076829 0.276000
