2 0.304062 0.192500 0.062500 0.079167
2 0.257969 0.241458 0.092188 0.102083
2 0.345469 0.287292 0.120313 0.127083
2 0.271250 0.413333 0.121875 0.162500
2 0.332969 0.514375 0.095312 0.097917
2 0.372812 0.531042 0.068750 0.127083
2 0.283750 0.610625 0.140625 0.147917
2 0.339219 0.681458 0.110937 0.135417
2 0.390000 0.826250 0.146875 0.258333
2 0.462656 0.653333 0.082812 0.095833
2 0.578281 0.680417 0.107813 0.120833
2 0.608750 0.491875 0.125000 0.122917
2 0.504062 0.522083 0.075000 0.075000
2 0.479062 0.430417 0.084375 0.066667
2 0.439219 0.340833 0.076563 0.066667
2 0.530625 0.367917 0.071875 0.070833
2 0.541562 0.272083 0.071875 0.087500
2 0.560312 0.208542 0.081250 0.093750
2 0.650937 0.230417 0.106250 0.100000
2 0.760312 0.512708 0.134375 0.110417
2 0.782187 0.615833 0.181250 0.154167
