1 0.196250 0.087708 0.081250 0.110417
1 0.317344 0.056458 0.067187 0.077083
1 0.364219 0.091875 0.048438 0.081250
1 0.484531 0.050208 0.079687 0.089583
1 0.461094 0.173125 0.051562 0.068750
1 0.393906 0.212708 0.054688 0.077083
1 0.272812 0.209583 0.062500 0.062500
1 0.219687 0.209583 0.043750 0.108333
1 0.177500 0.237708 0.046875 0.081250
1 0.115781 0.189792 0.051562 0.072917
1 0.090781 0.365833 0.064062 0.095833
1 0.079062 0.475208 0.062500 0.093750
1 0.146250 0.489792 0.056250 0.060417
1 0.216562 0.413750 0.059375 0.066667
1 0.285312 0.350208 0.062500 0.064583
1 0.198594 0.567917 0.039062 0.045833
1 0.083750 0.611667 0.059375 0.079167
1 0.068906 0.672083 0.070312 0.066667
1 0.211094 0.651250 0.073438 0.045833
1 0.193906 0.705417 0.079687 0.100000
1 0.164219 0.758542 0.042188 0.077083
1 0.086875 0.841875 0.100000 0.093750
1 0.150156 0.874167 0.054688 0.062500
1 0.236094 0.866875 0.064062 0.068750
1 0.286094 0.791875 0.048438 0.060417
1 0.287656 0.887708 0.067187 0.077083
1 0.382187 0.905417 0.059375 0.083333
1 0.363437 0.759583 0.056250 0.091667
1 0.457969 0.786667 0.057813 0.079167
1 0.482969 0.891875 0.054688 0.085417
1 0.500937 0.765833 0.043750 0.062500
1 0.553281 0.841875 0.051562 0.077083
1 0.594687 0.699167 0.056250 0.087500
1 0.482969 0.634583 0.054688 0.075000
1 0.530625 0.596042 0.081250 0.097917
1 0.368125 0.615833 0.050000 0.070833
1 0.432969 0.659583 0.060937 0.087500
1 0.310312 0.538750 0.062500 0.083333
1 0.368125 0.501250 0.068750 0.087500
1 0.379844 0.342917 0.073438 0.091667
1 0.423594 0.356458 0.048438 0.072917
1 0.476719 0.300208 0.085938 0.081250
1 0.540781 0.346042 0.051562 0.064583
1 0.537656 0.279375 0.057813 0.052083
1 0.572031 0.212708 0.051562 0.052083
1 0.611875 0.154375 0.062500 0.068750
1 0.590781 0.321042 0.082812 0.085417
1 0.659531 0.298125 0.060937 0.072917
1 0.676719 0.201250 0.064062 0.075000
1 0.806406 0.121042 0.070312 0.064583
1 0.851719 0.201250 0.070312 0.075000
1 0.889219 0.340833 0.067187 0.095833
1 0.802500 0.317917 0.071875 0.070833
1 0.812656 0.380417 0.054688 0.066667
1 0.761094 0.382500 0.048438 0.079167
1 0.681406 0.490833 0.070312 0.087500
1 0.717344 0.563750 0.076563 0.104167
1 0.781406 0.550208 0.067187 0.085417
1 0.844687 0.507500 0.068750 0.079167
1 0.823594 0.623125 0.076563 0.093750
1 0.753281 0.654375 0.085938 0.089583
1 0.745469 0.746042 0.042188 0.047917
1 0.682187 0.764792 0.046875 0.081250
1 0.692344 0.860625 0.064062 0.077083
1 0.621250 0.875208 0.031250 0.052083
1 0.734531 0.864792 0.067187 0.085417
1 0.790000 0.866875 0.084375 0.081250
1 0.802500 0.773125 0.100000 0.068750
