0 0.308290 0.848158 0.087435 0.090674
0 0.485589 0.868667 0.072863 0.105786
0 0.639411 0.811457 0.076101 0.077720
0 0.760848 0.801741 0.072863 0.075561
0 0.876619 0.729419 0.080959 0.069085
0 0.191710 0.548071 0.090674 0.103627
0 0.381153 0.566422 0.090674 0.097150
0 0.616742 0.568581 0.069624 0.105786
0 0.783517 0.550230 0.102008 0.090674
0 0.860427 0.542674 0.080959 0.079879
0 0.220045 0.374280 0.092293 0.092832
0 0.467778 0.372121 0.085816 0.127375
0 0.634553 0.373201 0.095531 0.103627
0 0.768135 0.373201 0.087435 0.090674
0 0.898478 0.409902 0.092293 0.086356
0 0.184424 0.206966 0.095531 0.103627
0 0.483970 0.165947 0.079339 0.103627
0 0.644268 0.171344 0.108484 0.105786
0 0.768135 0.197251 0.074482 0.101468
0 0.896049 0.237191 0.071244 0.069085
