1 0.242073 0.346000 0.075610 0.084000
1 0.307317 0.383000 0.057317 0.102000
1 0.344512 0.402000 0.058537 0.068000
1 0.390854 0.350000 0.051220 0.104000
1 0.438415 0.390000 0.048780 0.096000
1 0.498171 0.331000 0.063415 0.130000
1 0.512195 0.440000 0.059756 0.080000
1 0.593293 0.387000 0.053659 0.150000
1 0.634146 0.394000 0.047561 0.140000
1 0.710366 0.440000 0.036585 0.172000
1 0.749390 0.384000 0.051220 0.100000
1 0.798780 0.352000 0.047561 0.184000
1 0.093293 0.628000 0.063415 0.184000
1 0.907317 0.545000 0.067073 0.114000
1 0.862195 0.451000 0.042683 0.126000
1 0.173171 0.504000 0.076829 0.112000
1 0.473780 0.540000 0.056098 0.156000
1 0.765244 0.651000 0.080488 0.126000
1 0.651829 0.707000 0.058537 0.158000
1 0.613415 0.806000 0.084146 0.140000
1 0.417073 0.838000 0.125610 0.132000
1 0.357317 0.670000 0.054878 0.132000
1 0.368293 0.559000 0.062195 0.134000
1 0.963415 0.761000 0.047561 0.118000
1 0.971341 0.659000 0.058537 0.098000
1 0.836585 0.683000 0.089024 0.170000
1 0.759756 0.795000 0.091463 0.162000
1 0.626829 0.584000 0.040244 0.184000
1 0.276220 0.496000 0.073171 0.140000
1 0.160366 0.772000 0.073171 0.168000
