0 0.104275 0.240789 0.055052 0.082038
0 0.126943 0.432930 0.064767 0.107945
0 0.135848 0.607801 0.053433 0.086356
0 0.152850 0.786989 0.061528 0.082038
0 0.258905 0.206246 0.050194 0.077720
0 0.445110 0.205167 0.072863 0.118739
0 0.598122 0.228915 0.087435 0.097150
0 0.763277 0.292602 0.064767 0.094991
0 0.285622 0.822611 0.068005 0.105786
0 0.428109 0.862550 0.058290 0.103627
0 0.532545 0.857153 0.069624 0.088515
0 0.767325 0.857153 0.050194 0.101468
0 0.248381 0.667170 0.064767 0.088515
0 0.409488 0.686600 0.059909 0.092832
0 0.583549 0.721143 0.084197 0.110104
0 0.755991 0.714666 0.063148 0.079879
0 0.245142 0.484744 0.055052 0.086356
0 0.453206 0.544113 0.072863 0.084197
0 0.649935 0.577576 0.090674 0.082038
0 0.795661 0.603483 0.074482 0.069085
