0 0.375486 0.293682 0.069624 0.084197
0 0.313148 0.367084 0.071244 0.105786
0 0.267811 0.459917 0.055052 0.075561
0 0.225712 0.592689 0.064767 0.094991
0 0.161755 0.794545 0.066386 0.101468
0 0.556833 0.290443 0.037241 0.069085
0 0.543879 0.374640 0.050194 0.099309
0 0.513115 0.472870 0.043718 0.084197
0 0.479113 0.650979 0.056671 0.107945
0 0.403012 0.857153 0.082578 0.079879
0 0.611075 0.321747 0.068005 0.084197
0 0.625648 0.411341 0.058290 0.094991
0 0.632124 0.498777 0.055052 0.092832
0 0.613504 0.723302 0.082578 0.097150
0 0.602170 0.847438 0.102008 0.112263
0 0.701749 0.337939 0.061528 0.073402
0 0.747895 0.451281 0.050194 0.071244
0 0.757610 0.517127 0.059909 0.082038
0 0.767325 0.661773 0.056671 0.099309
0 0.798089 0.861471 0.059909 0.075561
