2 0.218750 0.265246 0.134375 0.131250
2 0.381250 0.199621 0.103125 0.095833
2 0.446875 0.280871 0.071875 0.083333
2 0.525781 0.154830 0.085938 0.127083
2 0.550000 0.282955 0.059375 0.083333
2 0.614844 0.342330 0.104688 0.131250
2 0.242969 0.145928 0.110937 0.118750
2 0.517188 0.371970 0.084375 0.170833
2 0.418750 0.373011 0.071875 0.081250
2 0.328906 0.403220 0.085938 0.145833
2 0.411719 0.469886 0.060937 0.079167
2 0.351562 0.509470 0.062500 0.100000
2 0.412500 0.575095 0.050000 0.097917
2 0.566406 0.504261 0.095312 0.110417
2 0.512500 0.655303 0.103125 0.133333
2 0.606250 0.778220 0.096875 0.129167
2 0.537500 0.846970 0.096875 0.129167
2 0.327344 0.658428 0.104688 0.135417
2 0.231250 0.631345 0.112500 0.118750
2 0.254688 0.742803 0.109375 0.100000
