2 0.247812 0.258125 0.106250 0.156250
2 0.354062 0.236250 0.071875 0.108333
2 0.367344 0.380000 0.064062 0.104167
2 0.311094 0.474792 0.085938 0.118750
2 0.262656 0.680000 0.107813 0.150000
2 0.362656 0.699792 0.076563 0.135417
2 0.446250 0.521667 0.084375 0.108333
2 0.423594 0.421667 0.089063 0.091667
2 0.516562 0.425833 0.043750 0.087500
2 0.538437 0.500833 0.096875 0.095833
2 0.591562 0.416458 0.062500 0.081250
2 0.644687 0.544583 0.084375 0.125000
2 0.640000 0.652917 0.106250 0.133333
2 0.731406 0.622708 0.085938 0.147917
2 0.572031 0.192500 0.076563 0.108333
2 0.410312 0.178958 0.090625 0.127083
2 0.502500 0.227917 0.062500 0.108333
2 0.457187 0.275833 0.093750 0.137500
2 0.653281 0.275833 0.089063 0.137500
2 0.747031 0.188333 0.089063 0.108333
2 0.808750 0.249792 0.109375 0.135417
