1 0.275156 0.043958 0.073438 0.056250
1 0.273594 0.108542 0.060937 0.047917
1 0.346250 0.132500 0.034375 0.054167
1 0.301719 0.204375 0.042188 0.052083
1 0.274375 0.255417 0.037500 0.050000
1 0.244687 0.311667 0.081250 0.079167
1 0.347031 0.291875 0.048438 0.081250
1 0.336094 0.358542 0.051562 0.077083
1 0.441562 0.258542 0.062500 0.081250
1 0.387656 0.142917 0.051562 0.050000
1 0.440000 0.147083 0.050000 0.033333
1 0.365781 0.049167 0.048438 0.066667
1 0.419687 0.070000 0.056250 0.075000
1 0.505625 0.059583 0.056250 0.075000
1 0.569687 0.055417 0.056250 0.062500
1 0.661875 0.049167 0.071875 0.075000
1 0.745469 0.099167 0.054688 0.050000
1 0.807969 0.135625 0.070312 0.077083
1 0.643906 0.138750 0.054688 0.054167
1 0.670469 0.139792 0.057813 0.064583
1 0.555625 0.152292 0.068750 0.064583
1 0.607969 0.207500 0.048438 0.062500
1 0.532187 0.268958 0.059375 0.072917
1 0.607969 0.315833 0.057813 0.054167
1 0.656406 0.327292 0.073438 0.077083
1 0.694687 0.311667 0.053125 0.062500
1 0.735312 0.337708 0.059375 0.068750
1 0.764219 0.263750 0.067187 0.083333
1 0.822812 0.346042 0.062500 0.114583
1 0.639219 0.430417 0.054688 0.083333
1 0.686875 0.447083 0.046875 0.083333
1 0.725156 0.462708 0.064062 0.102083
1 0.765781 0.536667 0.060937 0.062500
1 0.817344 0.540833 0.064062 0.095833
1 0.723594 0.606458 0.067187 0.081250
1 0.779844 0.655417 0.042188 0.070833
1 0.857187 0.773125 0.093750 0.118750
1 0.841562 0.918958 0.050000 0.072917
1 0.630625 0.673125 0.075000 0.089583
1 0.663437 0.785625 0.078125 0.089583
1 0.712656 0.790833 0.054688 0.083333
1 0.721250 0.945000 0.096875 0.137500
1 0.530625 0.905417 0.093750 0.075000
1 0.511875 0.800208 0.056250 0.064583
1 0.462656 0.652292 0.073438 0.093750
1 0.535312 0.630417 0.050000 0.112500
1 0.560312 0.539792 0.075000 0.068750
1 0.479062 0.446042 0.075000 0.068750
1 0.429062 0.400208 0.062500 0.077083
1 0.362656 0.505417 0.060937 0.066667
1 0.257969 0.488750 0.107813 0.108333
1 0.248594 0.612708 0.073438 0.068750
1 0.321250 0.670000 0.046875 0.070833
1 0.247031 0.713750 0.057813 0.079167
1 0.226719 0.787708 0.060937 0.102083
1 0.342344 0.778333 0.067187 0.091667
1 0.422031 0.799167 0.057813 0.091667
1 0.437656 0.901250 0.042188 0.083333
1 0.318125 0.914792 0.059375 0.081250
