0 0.397344 0.335780 0.048575 0.047496
0 0.492876 0.348733 0.038860 0.051813
0 0.565738 0.347654 0.042098 0.028066
0 0.645078 0.310953 0.042098 0.041019
0 0.424870 0.445884 0.055052 0.056131
0 0.501781 0.435089 0.050194 0.056131
0 0.590026 0.401626 0.025907 0.036701
0 0.716321 0.388673 0.055052 0.058290
0 0.437014 0.519286 0.040479 0.051813
0 0.530926 0.506333 0.043718 0.047496
0 0.653983 0.505253 0.076101 0.079879
0 0.776230 0.487982 0.071244 0.053972
0 0.474255 0.619675 0.056671 0.071244
0 0.576263 0.627231 0.059909 0.064767
0 0.692843 0.658535 0.046956 0.058290
0 0.809423 0.567861 0.056671 0.066926
0 0.846664 0.688759 0.034003 0.062608
0 0.735751 0.798863 0.045337 0.075561
0 0.649126 0.808578 0.053433 0.069085
0 0.538212 0.839882 0.084197 0.105786
