0 0.556833 0.190415 0.053433 0.060449
0 0.466969 0.206606 0.045337 0.053972
0 0.385201 0.255181 0.063148 0.073402
0 0.282383 0.318869 0.068005 0.075561
0 0.144754 0.427893 0.068005 0.069085
0 0.285622 0.567142 0.048575 0.053972
0 0.443491 0.463515 0.063148 0.062608
0 0.573834 0.348014 0.035622 0.060449
0 0.666127 0.297280 0.042098 0.062608
0 0.715512 0.260579 0.050194 0.049655
0 0.783517 0.313471 0.050194 0.060449
0 0.727655 0.384715 0.045337 0.060449
0 0.649935 0.457038 0.045337 0.058290
0 0.548737 0.593048 0.079339 0.062608
0 0.439443 0.656736 0.100389 0.103627
0 0.598122 0.801382 0.058290 0.086356
0 0.718750 0.670769 0.063148 0.075561
0 0.790803 0.539076 0.055052 0.058290
0 0.804566 0.453800 0.053433 0.051813
0 0.871762 0.350173 0.077720 0.043178
