2 0.225937 0.106042 0.093750 0.081250
2 0.300937 0.086250 0.068750 0.091667
2 0.300156 0.161250 0.095312 0.125000
2 0.216562 0.253958 0.112500 0.114583
2 0.275937 0.427917 0.084375 0.108333
2 0.205625 0.386250 0.096875 0.091667
2 0.198594 0.456042 0.082812 0.102083
2 0.228281 0.556042 0.135937 0.127083
2 0.228281 0.673750 0.182812 0.170833
2 0.335312 0.543542 0.100000 0.118750
2 0.423594 0.599792 0.160938 0.172917
2 0.668125 0.464375 0.109375 0.131250
2 0.688437 0.595625 0.175000 0.181250
2 0.511094 0.387292 0.101562 0.152083
2 0.407187 0.421667 0.068750 0.079167
2 0.404844 0.331042 0.067187 0.064583
2 0.397031 0.238333 0.048438 0.070833
2 0.477500 0.257083 0.065625 0.075000
2 0.506406 0.150833 0.076563 0.100000
2 0.573594 0.140417 0.073438 0.104167
2 0.604062 0.149792 0.100000 0.097917
