2 0.196250 0.182083 0.084375 0.083333
2 0.295469 0.180000 0.104688 0.095833
2 0.246250 0.262292 0.128125 0.089583
2 0.364219 0.391458 0.101562 0.081250
2 0.267344 0.478958 0.126562 0.060417
2 0.282187 0.401875 0.093750 0.064583
2 0.330625 0.580000 0.115625 0.158333
2 0.425937 0.231042 0.065625 0.093750
2 0.493906 0.311250 0.095312 0.141667
2 0.535312 0.233125 0.078125 0.077083
2 0.530625 0.136250 0.084375 0.108333
2 0.597031 0.074792 0.120313 0.097917
2 0.623594 0.299792 0.117188 0.114583
2 0.683750 0.436250 0.137500 0.141667
2 0.533750 0.462292 0.134375 0.085417
2 0.472812 0.708125 0.246875 0.318750
2 0.830625 0.258125 0.115625 0.089583
2 0.904062 0.344583 0.137500 0.170833
