2 0.185156 0.157102 0.123438 0.160417
2 0.148438 0.288352 0.093750 0.118750
2 0.349219 0.206061 0.126562 0.141667
2 0.443750 0.306061 0.096875 0.120833
2 0.382812 0.452936 0.075000 0.110417
2 0.287500 0.462311 0.115625 0.175000
2 0.392188 0.574811 0.100000 0.095833
2 0.296094 0.608144 0.085938 0.100000
2 0.400000 0.687311 0.078125 0.125000
2 0.166406 0.735227 0.110937 0.145833
2 0.210156 0.869602 0.089063 0.093750
2 0.267188 0.780019 0.100000 0.168750
2 0.507031 0.785227 0.123438 0.158333
2 0.610156 0.900852 0.120313 0.147917
2 0.584375 0.658144 0.103125 0.187500
2 0.617969 0.410227 0.079687 0.125000
2 0.517188 0.456061 0.103125 0.191667
2 0.567187 0.298769 0.075000 0.127083
2 0.529687 0.163352 0.125000 0.143750
