2 0.285312 0.131042 0.121875 0.152083
2 0.271250 0.275833 0.109375 0.154167
2 0.493125 0.193542 0.112500 0.147917
2 0.580625 0.296667 0.109375 0.129167
2 0.525937 0.425833 0.103125 0.112500
2 0.407187 0.446667 0.125000 0.162500
2 0.531406 0.556042 0.079687 0.097917
2 0.450937 0.593542 0.081250 0.093750
2 0.554062 0.676875 0.125000 0.118750
2 0.426719 0.797708 0.114062 0.135417
2 0.297812 0.774792 0.159375 0.139583
2 0.350156 0.889375 0.120313 0.118750
2 0.693125 0.787292 0.181250 0.143750
2 0.768906 0.871667 0.107813 0.195833
2 0.714219 0.961250 0.082812 0.075000
2 0.744687 0.610208 0.081250 0.106250
2 0.669687 0.427917 0.093750 0.125000
2 0.729062 0.520625 0.100000 0.102083
2 0.757969 0.412292 0.104688 0.152083
2 0.719687 0.298750 0.103125 0.100000
2 0.672812 0.134167 0.137500 0.129167
