2 0.186094 0.490417 0.164062 0.116667
2 0.306406 0.538333 0.120313 0.116667
2 0.288437 0.349792 0.093750 0.064583
2 0.286094 0.433125 0.129688 0.118750
2 0.382187 0.448750 0.090625 0.095833
2 0.393125 0.385208 0.078125 0.110417
2 0.454062 0.351875 0.100000 0.077083
2 0.514219 0.411250 0.095312 0.104167
2 0.490781 0.478958 0.095312 0.089583
2 0.508750 0.551875 0.168750 0.139583
2 0.621250 0.322708 0.096875 0.089583
2 0.718906 0.356042 0.092188 0.102083
2 0.786094 0.358125 0.073438 0.085417
2 0.850937 0.409167 0.081250 0.079167
2 0.916562 0.605000 0.062500 0.066667
2 0.821250 0.552917 0.150000 0.158333
2 0.693906 0.486250 0.079687 0.079167
2 0.636875 0.518542 0.121875 0.143750
