1 0.265781 0.056458 0.076563 0.068750
1 0.220469 0.139792 0.032813 0.064583
1 0.203281 0.266875 0.051562 0.068750
1 0.192344 0.363750 0.051562 0.066667
1 0.169687 0.421042 0.056250 0.077083
1 0.096250 0.543958 0.071875 0.072917
1 0.161875 0.558542 0.081250 0.097917
1 0.219687 0.514792 0.075000 0.127083
1 0.215781 0.422083 0.051562 0.066667
1 0.310312 0.318958 0.059375 0.081250
1 0.268906 0.223125 0.070312 0.056250
1 0.290781 0.143958 0.045312 0.072917
1 0.312656 0.159583 0.054688 0.070833
1 0.322812 0.190833 0.050000 0.066667
1 0.350937 0.127292 0.050000 0.056250
1 0.369687 0.120000 0.056250 0.079167
1 0.399375 0.154375 0.056250 0.068750
1 0.382187 0.201250 0.068750 0.070833
1 0.366562 0.281458 0.062500 0.068750
1 0.397812 0.331458 0.062500 0.072917
1 0.450156 0.321042 0.057813 0.085417
1 0.416562 0.412708 0.078125 0.085417
1 0.268906 0.593958 0.070312 0.122917
1 0.212656 0.757500 0.060937 0.087500
1 0.376719 0.635625 0.054688 0.106250
1 0.400156 0.729375 0.085938 0.077083
1 0.461875 0.548125 0.071875 0.110417
1 0.518125 0.657500 0.084375 0.112500
1 0.503281 0.447083 0.076563 0.083333
1 0.507969 0.393958 0.079687 0.102083
1 0.493125 0.230417 0.081250 0.083333
1 0.454062 0.156458 0.075000 0.064583
1 0.447031 0.078333 0.060937 0.070833
1 0.516562 0.067917 0.037500 0.070833
1 0.503281 0.141875 0.064062 0.081250
1 0.559531 0.107500 0.048438 0.087500
1 0.622812 0.090833 0.037500 0.058333
1 0.588437 0.137708 0.059375 0.068750
1 0.623594 0.141875 0.039062 0.085417
1 0.632187 0.154375 0.065625 0.043750
1 0.679844 0.128333 0.060937 0.079167
1 0.660312 0.108542 0.087500 0.097917
1 0.733750 0.073125 0.050000 0.077083
1 0.733750 0.176250 0.050000 0.070833
1 0.691562 0.203333 0.056250 0.070833
1 0.638437 0.217917 0.059375 0.075000
1 0.571250 0.200208 0.096875 0.060417
1 0.593906 0.279375 0.060937 0.047917
1 0.665781 0.273125 0.054688 0.064583
1 0.709531 0.278333 0.042188 0.029167
1 0.815000 0.234583 0.053125 0.125000
1 0.649375 0.359583 0.071875 0.062500
1 0.727500 0.405417 0.075000 0.062500
1 0.830625 0.399167 0.065625 0.091667
1 0.679844 0.492917 0.076563 0.075000
1 0.768125 0.528333 0.062500 0.083333
1 0.804844 0.646042 0.051562 0.085417
1 0.927500 0.482500 0.071875 0.104167
1 0.932969 0.674167 0.057813 0.120833
