0 0.459531 0.261667 0.039062 0.037500
0 0.402500 0.297083 0.034375 0.045833
0 0.355625 0.306458 0.037500 0.047917
0 0.229062 0.377292 0.043750 0.056250
0 0.254844 0.454375 0.057813 0.085417
0 0.324375 0.533542 0.046875 0.077083
0 0.400156 0.381458 0.045312 0.081250
0 0.490781 0.417917 0.051562 0.058333
0 0.586094 0.437708 0.054688 0.052083
0 0.693906 0.539792 0.042188 0.043750
0 0.753281 0.466875 0.039062 0.060417
0 0.620469 0.590833 0.051562 0.087500
0 0.428281 0.656458 0.064062 0.089583
0 0.587656 0.825208 0.073438 0.106250
0 0.719687 0.700208 0.068750 0.060417
0 0.786875 0.612708 0.075000 0.068750
0 0.865000 0.523125 0.062500 0.052083
