2 0.211094 0.276875 0.089063 0.110417
2 0.340000 0.290417 0.078125 0.100000
2 0.323594 0.371667 0.076563 0.112500
2 0.244687 0.474792 0.125000 0.185417
2 0.135312 0.657083 0.112500 0.175000
2 0.267344 0.721667 0.132812 0.212500
2 0.450156 0.569583 0.129688 0.183333
2 0.419687 0.430000 0.106250 0.120833
2 0.432969 0.284167 0.107813 0.112500
2 0.415781 0.212292 0.060937 0.085417
2 0.548594 0.168542 0.082812 0.106250
2 0.671250 0.241458 0.112500 0.147917
2 0.759531 0.183125 0.089063 0.102083
2 0.816562 0.226875 0.075000 0.122917
2 0.630625 0.398750 0.090625 0.100000
2 0.532187 0.421667 0.065625 0.054167
2 0.572812 0.499792 0.068750 0.102083
2 0.748594 0.553958 0.126562 0.118750
2 0.776719 0.636250 0.092188 0.137500
2 0.837656 0.651875 0.117188 0.160417
